Maximum Detection Latency w/ live feed + while someone is already present
10.926565
0.196151
7.325033
0.192573
7.159140
0.189924
7.236873
0.177490
7.116602
0.176399
7.171784
0.180272
7.138723
0.205724
7.048163
0.173513
7.709946
0.194337
7.183920
0.176272
7.243365
0.176862
7.350964
0.179833
7.204055
0.173414
7.222148
0.175875
7.320454
0.177188
7.455287
0.189739
7.295807
0.177243
7.277505
0.172745
7.356200
0.175475
7.305159
0.181645
7.429470
0.175827
7.526871
0.181460
7.316478
0.175976
7.471766
0.178352
7.389029
0.186886
7.567000
0.175803
