Broadcast ↔ Receiver @ 164ft
7.54
8.98
2.54
4.00
3.32
2.24
1.72
5.17
5.88
22.10
15.6
6.78
2.10
6.54
32.0
57.3
12.8
57.9
13.2
42.9
65.10
7.51
3.76
4.17
20.2
120
1.82
14.6
1.70
4.37
2.44
5.50
2.34
1143
81.2
41.9
1.63
1.72
35.4
1.78
28.2
1.70
2.38
1.77
2.08
4.78
2.29
1.67
1.67
1.76
1.78
1.64
1.73
43.6
1.64
1.76
3.13
2.57
1.75
1.74
2.25
5.02
7.78
31.8
5.95
6.91
2.37
41.3
1.78
8.16
1.88
12.3
2.01
20.6
7.60
2.11
1.79
1.74
8.95
8.04
8.28
1.69
1.72
3.74
1.63
1.75
1.74
2.55
1.80
3.52
8.28
14.10
1.96
1.84
2.24
39.4
22.4
2.36
1.91
2.23
1.96
1.89
2.42
2.43
1.91
2.50
2.23
1.90
1.88
1.85
1.91
1.81
2.51
3.07
2.49
1.90
1.90
1.80
1.85
1.85
1.82
3.12
2.02
1.77
1.89
1.92
1.84
2.51
1.86
1.78
2.13
1.90
1.78
1.90
2.28
1.83
1.89
1.88
1.80
3.36
1.93
1.77
1.87
1.88
2.33
1.91
1.88
1.80
2.40
1.97
1.92
12.9
1.85
1.76
2.61
4.03
1.81
5.31
1.96
2.52
2.54
1.91
1.78
1.87
2.04
1.84
1.87
1.86
1.76
18.5
1.91
1.96
1.87
1.100
2.61
4.41
11.3
1.77
3.10
1.91
6.09
1.90
1.93
3.00
1.89
1.88
1.83
3.19
2.91
3.94
1.93
1.91
1.77
6.36
2.29
1.86
8.70
3.38
1.82
1.89
1.87
1.81
3.19
1.88
3.87
1.94
2.76
1.85
1.96
1.100
1.81
2.73
1.90
1.81
33.7
12.3
1.83
2.07
1.87
2.32
1.85
2.06
1.79
1.78
2.38
1.74
1.83
1.93
2.57
3.14
1.81
1.75
2.53
1.80
1.75
1.82
6.29
1.70
6.05
1.79
11.1
1.79
2.03
1.71
1.79
1.88
2.12
3.19
1.79
1.71
2.13
1.85
1.72
1.80
1.76
3.41
13.6
1.76
1.66
1.86
1.85
1.74
1.78
1.77
1.70
2.54
1.82
1.67
2.51
1.76
3.63
2.74
4.81
1.72
3.47
3.27
1.73
8.78
1.78
1.68
1.77
4.18
1.77
2.32
1.74
1.81
2.19
1.76
1.68
1.89
4.37
1.75
1.75
2.58
1.71
2.80
1.92
1.66
1.73
2.83
1.79
6.96
1.80
2.29
4.28
1.78
2.23
1.63
6.68
1.46
3.29
1.55
2.30
2.25
2.13
1.98
1.75
4.78
5.56
1.63
6.81
3.07
3.45
3.53
2.81
6.38
7.66
2.51
2.54
1.59
59.7
44.0
3.48
21.1
2.31
4.32
2.27
4.97
4.44
1.62
1.79
1.79
3.21
1.57
1.61
1.72
2.38
4.66
18.10
1.79
1.99
3.26
1.74
1.77
1.71
1.78
1.94
1.98
1.52
1.75
2.91
2.35
1.79
1.69
1.57
1.75